0.025 1 1 1 1 1
0.075 1 1 1 1 1
0.125 1 1 1 1 1
0.175 1 1 1 1 1
0.225 1 0.714286 0.714286 0.714286 0.714286
0.275 1 1 0.555556 0.555556 0.555556
0.325 1 1 1 0.454545 0.454545
0.375 1 1 1 0.454545 0.454545
0.425 1 0.846154 0.846154 0.384615 0.384615
0.475 1 0.714286 0.714286 0.714286 0.714286
0.525 1 1 0.555556 0.555556 0.555556
0.575 1 1 0.555556 0.555556 0.555556
0.625 1 0.818182 0.454545 0.454545 0.454545
0.675 1 0.714286 0.714286 0.714286 0.714286
0.725 1 0.714286 0.714286 0.714286 0.714286
0.775 1 0.714286 0.714286 0.714286 0.714286
0.825 1 0.714286 0.714286 0.714286 0.714286
0.875 1 0.714286 0.714286 0.714286 0.714286
0.925 1 1 1 1 1
0.975 1 1 1 1 1
